nodes <- list(
  c(0.99999999999995703, 0.99999998887566488, 0.99997747719246155, 0.99751485645722437, 0.95136796407274693, 0.67427149224843574, 0), 
  c(0.99999999995285638, 0.99999920473711468, 0.9996882640283532, 0.98704056050737687, 0.85956905868989653, 0.37720973816403414), 
  c(0.99999999999823208, 0.99999999914270499, 0.99999989278161239, 0.99999531604122049, 0.9999093846951439, 0.99906519645578584,
    0.99405550663140207, 0.97396686819567735, 0.91487926326457458, 0.78060743898320029, 0.53914670538796772, 0.19435700332493541), 
  c(0.99999999999970801, 0.99999999999039391, 0.99999999978973275, 0.99999999678719909, 0.99999996423908089, 0.99999969889415252,
    0.99999801714059533, 0.99998948201481841, 0.99995387100562794, 0.99982882207287493, 0.99945143443527451, 0.99845420876769764, 
    0.99610866543750853, 0.99112699244169877, 0.98145482667733508, 0.96411216422354729, 0.93516085752198463, 0.88989140278426015, 
    0.8233170055064023, 0.73101803479256144, 0.61027365750063889, 0.46125354393958568, 0.28787993274271589, 0.09792388528783233), 
  c(0.99999999999988631, 0.99999999999927147, 0.99999999999582456, 0.99999999997845523, 0.99999999989927768, 0.99999999957078767, 
    0.99999999832336184, 0.99999999396413419, 0.99999997987450318, 0.99999993755407834, 0.9999998188937127, 0.99999950700571938, 
    0.99999873547186591, 0.9999969324491903, 0.99999293787666288, 0.99998451990227077, 0.99996759306794336, 0.99993501992508238, 
    0.99987486504878031, 0.99976797159956077, 0.9995847503515175, 0.99928111192179192, 0.9987935342988058, 0.99803333631543367, 
    0.99688031812819178, 0.9951760261553273, 0.99271699719682727, 0.98924843109013383, 0.98445883116743083, 0.97797623518666488, 
    0.96936673289691733, 0.95813602271021359, 0.94373478605275707, 0.92556863406861256, 0.90301328151357385, 0.87543539763040867, 
    0.84221924635075684, 0.80279874134324125, 0.75669390863372987, 0.70355000514714194, 0.64317675898520466, 0.5755844906351516, 
    0.50101338937930906, 0.41995211127844712, 0.33314226457763807, 0.24156631953888363, 0.14641798429058792, 0.049055967305077885), 
  c(0.99999999999992983, 0.99999999999981715, 0.99999999999953715, 0.99999999999886124, 0.99999999999727396, 0.9999999999936463, 
    0.99999999998556877, 0.99999999996803313, 0.99999999993088839, 0.99999999985405608, 0.9999999996987543, 0.99999999939177686, 
    0.9999999987979834, 0.99999999767323666, 0.99999999558563357, 0.99999999178645604, 0.9999999850030763, 0.99999997311323585, 
    0.99999995264266439, 0.99999991800479471, 0.99999986037121458, 0.9999997660233324, 0.9999996139885502, 0.9999993727073353, 
    0.99999899541068993, 0.99999841381096466, 0.99999752962380506, 0.9999962033471661, 0.99999423962761658, 0.9999913684483448, 
    0.99998722128200057, 0.99998130127012064, 0.99997294642523216, 0.99996128480785662, 0.99994518061445858, 0.99992317012928922, 
    0.99989338654759252, 0.99985347277311132, 0.99980048143113831, 0.99973076151980844, 0.9996398313456003, 0.99952223765121717, 
    0.99937140114093759, 0.99917944893488586, 0.99893703483351215, 0.99863314864067743, 0.99825491617199624, 0.99778739195890642, 
    0.99721334704346865, 0.99651305464025375, 0.99566407681695313, 0.99464105571251116, 0.99341551316926402, 0.99195566300267757, 
    0.99022624046752772, 0.98818835380074255, 0.98579936302528337, 0.9830127914811011, 0.97977827580061572, 0.97604156025657673, 
    0.97174454156548729, 0.96682537031235583, 0.9612186151511164, 0.9548554958050226, 0.94766419061515306, 0.93957022393327472, 
    0.93049693799715338, 0.92036605303195274, 0.90909831816302034, 0.89661425428007602, 0.88283498824466888, 0.86768317577564591, 
    0.85108400798784867, 0.83296629391941079, 0.81326360850297374, 0.79191549237614201, 0.76886868676824649, 0.74407838354734734, 
    0.71750946748732403, 0.68913772506166759, 0.65895099174335003, 0.62695020805104285, 0.59315035359195312, 0.55758122826077816, 
    0.52028805069123008, 0.48133184611690499, 0.44078959903390086, 0.39875415046723772, 0.3553338251650745, 0.31065178055284592, 
    0.26484507658344791, 0.218063473469712, 0.1704679723820105, 0.12222912220155764, 0.073525122985671293, 0.024539763574649157), 
  c(0.99999999999994504, 0.99999999999991063, 0.99999999999985567, 0.99999999999976874, 0.99999999999963207, 0.9999999999994188, 
    0.9999999999990884, 0.99999999999857991, 0.99999999999780287, 0.99999999999662348, 0.99999999999484512, 0.99999999999218125, 
    0.99999999998821665, 0.99999999998235345, 0.99999999997373656, 0.9999999999611503, 0.99999999994287725, 0.99999999991650601, 
    0.99999999987867016, 0.99999999982469845, 0.99999999974814635, 0.99999999964017294, 0.99999999948871821, 0.99999999927742189, 
    0.99999999898420988, 0.99999999857945798, 0.99999999802361939, 0.99999999726417366, 0.99999999623172697, 0.99999999483505064, 
    0.99999999295480446, 0.9999999904356327, 0.9999999870762647, 0.99999998261717338, 0.99999997672526708, 0.99999996897499022, 
    0.9999999588251014, 0.99999994559027294, 0.99999992840651408, 0.99999990618926848, 0.99999987758285502, 0.99999984089973593, 
    0.99999979404787598, 0.99999973444423285, 0.99999965891215925, 0.9999995635602319, 0.99999944363972881, 0.99999929337766846, 
    0.99999910578199569, 0.99999887241516183, 0.99999858313198442, 0.99999822577731134, 0.99999778583863519, 0.9999972460484261, 
    0.99999658593057072, 0.99999578128492839, 0.99999480360364879, 0.99999361941253884, 0.99999218953043356, 0.99999046823921378, 
    0.99998840235683317, 0.99998593020547477, 0.99998298046675649, 0.99997947091575146, 0.99997530702549198, 0.99997038043358921, 
    0.99996456726262606, 0.99995772628607793, 0.99994969693168922, 0.99994029711447929, 0.99992932089188413, 0.99991653593395113, 
    0.99990168080200281, 0.99988446202976611, 0.99986455100163496, 0.99984158062348205, 0.99981514178227304, 0.99978477959165113, 
    0.99974998942164883, 0.99971021271175098, 0.99966483256766459, 0.99961316914334686, 0.99955447481109672, 0.99948792912382323, 
    0.99941263357495247, 0.9993276061628299, 0.99923177576789879, 0.99912397635238981, 0.99900294099372877, 0.99886729576436373, 
    0.99871555347220875, 0.99854610727741266, 0.99835722420266371, 0.99814703855574838, 0.99791354528457699, 0.99765459328637784, 
    0.99736787869423538, 0.99705093816560908, 0.99670114219891259, 0.99631568850566088, 0.99589159546710015, 0.99542569570562278, 
    0.99491462980263878, 0.9943548401959208, 0.99374256529076155, 0.99307383382058434, 0.99234445949391814, 0.99155003596589164, 
    0.990685932173615, 0.989747288075987, 0.9887290108396023, 0.98762577151351061, 0.98643200223660843, 0.98514189402239793, 
    0.98374939516673121, 0.98224821032494103, 0.98063180030544861, 0.97889338262749392, 0.97702593289105788, 0.97502218700730625, 
    0.97287464433796378, 0.97057557179190035, 0.96811700892685626, 0.96549077410362039, 0.96268847173907823, 0.9597015007033366, 
    0.95652106390458091, 0.95313817910339371, 0.94954369099593627, 0.94572828460263214, 0.94168249999576925, 0.93739674839571907, 
    0.93286132966124002, 0.92806645119455511, 0.9230022482765543, 0.91765880584154924, 0.91202618169448679, 0.90609443116640409, 
    0.89985363319617007, 0.89329391781821088, 0.88640549502697863, 0.87917868497938934, 0.87160394948637765, 0.86367192473410515, 
    0.85537345516427143, 0.84669962843146362, 0.83764181134359994, 0.82819168667935705, 0.81834129076409778, 0.80808305167333849, 
    0.79740982792031223, 0.78631494747181951, 0.77479224692443527, 0.76283611066139234, 0.7504415097992404, 0.73760404072282515, 
    0.72431996299740742, 0.71058623643800578, 0.69640055710845916, 0.68176139201642727, 0.66666801226573758, 0.65112052442430413, 
    0.63511989986442174, 0.61866800183272797, 0.60176761000963341, 0.58442244232266394, 0.56663717378501877, 0.54841745213979232, 
    0.52976991010177454, 0.51070217400255813, 0.49122286866081144, 0.47134161831799842, 0.45106904350045196, 0.43041675369143706, 
